L: 6.37122e6;
T: 1/(2 * 7.292e-5);

9.80616 / (L / T**2);
